==PROF== Connected to process 1119824 (/home/ericbuehler/mistral.rs/target/release/mistralrs)
==PROF== Disconnected from process 1119824
"ID","Process ID","Process Name","Host Name","Kernel Name","Context","Stream","Block Size","Grid Size","Device","CC","Section Name","Metric Name","Metric Unit","Metric Value"
"0","1119824","mistralrs","127.0.0.1","void cutlass::Kernel2<cutlass_80_wmma_tensorop_bf16_s161616gemm_bf16_16x16_32x1_nn_align2>(T1::Params)","1","13","(32, 1, 1)","(1, 1, 1)","0","12.1","Command line profiler metrics","gpu__time_duration.sum","ns","5120"
"1","1119824","mistralrs","127.0.0.1","void cutlass::Kernel2<cutlass_80_wmma_tensorop_bf16_s161616gemm_bf16_16x16_32x1_nn_align2>(T1::Params)","1","13","(32, 1, 1)","(1, 1, 1)","0","12.1","Command line profiler metrics","gpu__time_duration.sum","ns","6656"
"2","1119824","mistralrs","127.0.0.1","void cutlass::Kernel2<cutlass_80_wmma_tensorop_bf16_s161616gemm_bf16_16x16_32x1_nn_align2>(T1::Params)","1","13","(32, 1, 1)","(1, 1, 1)","0","12.1","Command line profiler metrics","gpu__time_duration.sum","ns","2368"
"3","1119824","mistralrs","127.0.0.1","void cutlass::Kernel2<cutlass_80_wmma_tensorop_bf16_s161616gemm_bf16_16x16_32x1_nn_align2>(T1::Params)","1","13","(32, 1, 1)","(1, 1, 1)","0","12.1","Command line profiler metrics","gpu__time_duration.sum","ns","9120"
"4","1119824","mistralrs","127.0.0.1","void cutlass::Kernel2<cutlass_80_wmma_tensorop_bf16_s161616gemm_bf16_16x16_32x1_nn_align2>(T1::Params)","1","13","(32, 1, 1)","(1, 1, 1)","0","12.1","Command line profiler metrics","gpu__time_duration.sum","ns","2784"
"5","1119824","mistralrs","127.0.0.1","void cutlass::Kernel2<cutlass_80_wmma_tensorop_bf16_s161616gemm_bf16_16x16_32x1_nn_align2>(T1::Params)","1","13","(32, 1, 1)","(1, 1, 1)","0","12.1","Command line profiler metrics","gpu__time_duration.sum","ns","2784"
"6","1119824","mistralrs","127.0.0.1","void cutlass::Kernel2<cutlass_80_wmma_tensorop_bf16_s161616gemm_bf16_16x16_32x1_nn_align2>(T1::Params)","1","13","(32, 1, 1)","(1, 1, 1)","0","12.1","Command line profiler metrics","gpu__time_duration.sum","ns","2816"
"7","1119824","mistralrs","127.0.0.1","void cutlass::Kernel2<cutlass_80_wmma_tensorop_bf16_s161616gemm_bf16_16x16_32x1_nn_align2>(T1::Params)","1","13","(32, 1, 1)","(1, 1, 1)","0","12.1","Command line profiler metrics","gpu__time_duration.sum","ns","2848"
"8","1119824","mistralrs","127.0.0.1","void cutlass::Kernel2<cutlass_80_wmma_tensorop_bf16_s161616gemm_bf16_16x16_32x1_nn_align2>(T1::Params)","1","13","(32, 1, 1)","(1, 1, 1)","0","12.1","Command line profiler metrics","gpu__time_duration.sum","ns","2336"
"9","1119824","mistralrs","127.0.0.1","void cutlass::Kernel2<cutlass_80_wmma_tensorop_bf16_s161616gemm_bf16_16x16_32x1_nn_align2>(T1::Params)","1","13","(32, 1, 1)","(1, 1, 1)","0","12.1","Command line profiler metrics","gpu__time_duration.sum","ns","2400"
"10","1119824","mistralrs","127.0.0.1","void cutlass::Kernel2<cutlass_80_wmma_tensorop_bf16_s161616gemm_bf16_16x16_32x1_nn_align2>(T1::Params)","1","13","(32, 1, 1)","(1, 1, 1)","0","12.1","Command line profiler metrics","gpu__time_duration.sum","ns","2368"
"11","1119824","mistralrs","127.0.0.1","void cutlass::Kernel2<cutlass_80_wmma_tensorop_bf16_s161616gemm_bf16_16x16_32x1_nn_align2>(T1::Params)","1","13","(32, 1, 1)","(1, 1, 1)","0","12.1","Command line profiler metrics","gpu__time_duration.sum","ns","15712"
"12","1119824","mistralrs","127.0.0.1","void cutlass::Kernel2<cutlass_80_wmma_tensorop_bf16_s161616gemm_bf16_16x16_32x1_nn_align2>(T1::Params)","1","13","(32, 1, 1)","(1, 1, 1)","0","12.1","Command line profiler metrics","gpu__time_duration.sum","ns","2336"
"13","1119824","mistralrs","127.0.0.1","void cutlass::Kernel2<cutlass_80_wmma_tensorop_bf16_s161616gemm_bf16_16x16_32x1_nn_align2>(T1::Params)","1","13","(32, 1, 1)","(1, 1, 1)","0","12.1","Command line profiler metrics","gpu__time_duration.sum","ns","2400"
"14","1119824","mistralrs","127.0.0.1","void cutlass::Kernel2<cutlass_80_wmma_tensorop_bf16_s161616gemm_bf16_16x16_32x1_nn_align2>(T1::Params)","1","13","(32, 1, 1)","(1, 1, 1)","0","12.1","Command line profiler metrics","gpu__time_duration.sum","ns","2368"
"15","1119824","mistralrs","127.0.0.1","void cutlass::Kernel2<cutlass_80_wmma_tensorop_bf16_s161616gemm_bf16_16x16_32x1_nn_align2>(T1::Params)","1","13","(32, 1, 1)","(1, 1, 1)","0","12.1","Command line profiler metrics","gpu__time_duration.sum","ns","5440"
"16","1119824","mistralrs","127.0.0.1","void cutlass::Kernel2<cutlass_80_wmma_tensorop_bf16_s161616gemm_bf16_16x16_32x1_nn_align2>(T1::Params)","1","13","(32, 1, 1)","(1, 1, 1)","0","12.1","Command line profiler metrics","gpu__time_duration.sum","ns","6752"
"17","1119824","mistralrs","127.0.0.1","void cutlass::Kernel2<cutlass_80_wmma_tensorop_bf16_s161616gemm_bf16_16x16_32x1_nn_align2>(T1::Params)","1","13","(32, 1, 1)","(1, 1, 1)","0","12.1","Command line profiler metrics","gpu__time_duration.sum","ns","2368"
"18","1119824","mistralrs","127.0.0.1","void cutlass::Kernel2<cutlass_80_wmma_tensorop_bf16_s161616gemm_bf16_16x16_32x1_nn_align2>(T1::Params)","1","13","(32, 1, 1)","(1, 1, 1)","0","12.1","Command line profiler metrics","gpu__time_duration.sum","ns","2464"
"19","1119824","mistralrs","127.0.0.1","void cutlass::Kernel2<cutlass_80_wmma_tensorop_bf16_s161616gemm_bf16_16x16_32x1_nn_align2>(T1::Params)","1","13","(32, 1, 1)","(1, 1, 1)","0","12.1","Command line profiler metrics","gpu__time_duration.sum","ns","2368"
"20","1119824","mistralrs","127.0.0.1","void cutlass::Kernel2<cutlass_80_wmma_tensorop_bf16_s161616gemm_bf16_16x16_32x1_nn_align2>(T1::Params)","1","13","(32, 1, 1)","(1, 1, 1)","0","12.1","Command line profiler metrics","gpu__time_duration.sum","ns","2592"
"21","1119824","mistralrs","127.0.0.1","void cutlass::Kernel2<cutlass_80_wmma_tensorop_bf16_s161616gemm_bf16_16x16_32x1_nn_align2>(T1::Params)","1","13","(32, 1, 1)","(1, 1, 1)","0","12.1","Command line profiler metrics","gpu__time_duration.sum","ns","2368"
"22","1119824","mistralrs","127.0.0.1","void cutlass::Kernel2<cutlass_80_wmma_tensorop_bf16_s161616gemm_bf16_16x16_32x1_nn_align2>(T1::Params)","1","13","(32, 1, 1)","(1, 1, 1)","0","12.1","Command line profiler metrics","gpu__time_duration.sum","ns","2368"
"23","1119824","mistralrs","127.0.0.1","void cutlass::Kernel2<cutlass_80_wmma_tensorop_bf16_s161616gemm_bf16_16x16_32x1_nn_align2>(T1::Params)","1","13","(32, 1, 1)","(1, 1, 1)","0","12.1","Command line profiler metrics","gpu__time_duration.sum","ns","2560"
"24","1119824","mistralrs","127.0.0.1","void cutlass::Kernel2<cutlass_80_wmma_tensorop_bf16_s161616gemm_bf16_16x16_32x1_nn_align2>(T1::Params)","1","13","(32, 1, 1)","(1, 1, 1)","0","12.1","Command line profiler metrics","gpu__time_duration.sum","ns","2368"
"25","1119824","mistralrs","127.0.0.1","void cutlass::Kernel2<cutlass_80_wmma_tensorop_bf16_s161616gemm_bf16_16x16_32x1_nn_align2>(T1::Params)","1","13","(32, 1, 1)","(1, 1, 1)","0","12.1","Command line profiler metrics","gpu__time_duration.sum","ns","2400"
"26","1119824","mistralrs","127.0.0.1","void cutlass::Kernel2<cutlass_80_wmma_tensorop_bf16_s161616gemm_bf16_16x16_32x1_nn_align2>(T1::Params)","1","13","(32, 1, 1)","(1, 1, 1)","0","12.1","Command line profiler metrics","gpu__time_duration.sum","ns","2944"
"27","1119824","mistralrs","127.0.0.1","void cutlass::Kernel2<cutlass_80_wmma_tensorop_bf16_s161616gemm_bf16_16x16_32x1_nn_align2>(T1::Params)","1","13","(32, 1, 1)","(1, 1, 1)","0","12.1","Command line profiler metrics","gpu__time_duration.sum","ns","2368"
"28","1119824","mistralrs","127.0.0.1","void cutlass::Kernel2<cutlass_80_wmma_tensorop_bf16_s161616gemm_bf16_16x16_32x1_nn_align2>(T1::Params)","1","13","(32, 1, 1)","(1, 1, 1)","0","12.1","Command line profiler metrics","gpu__time_duration.sum","ns","2336"
"29","1119824","mistralrs","127.0.0.1","void cutlass::Kernel2<cutlass_80_wmma_tensorop_bf16_s161616gemm_bf16_16x16_32x1_nn_align2>(T1::Params)","1","13","(32, 1, 1)","(1, 1, 1)","0","12.1","Command line profiler metrics","gpu__time_duration.sum","ns","2336"
"30","1119824","mistralrs","127.0.0.1","void cutlass::Kernel2<cutlass_80_wmma_tensorop_bf16_s161616gemm_bf16_16x16_32x1_nn_align2>(T1::Params)","1","13","(32, 1, 1)","(1, 1, 1)","0","12.1","Command line profiler metrics","gpu__time_duration.sum","ns","8160"
"31","1119824","mistralrs","127.0.0.1","void cutlass::Kernel2<cutlass_80_wmma_tensorop_bf16_s161616gemm_bf16_16x16_32x1_nn_align2>(T1::Params)","1","13","(32, 1, 1)","(1, 1, 1)","0","12.1","Command line profiler metrics","gpu__time_duration.sum","ns","8064"
"32","1119824","mistralrs","127.0.0.1","void cutlass::Kernel2<cutlass_80_wmma_tensorop_bf16_s161616gemm_bf16_16x16_32x1_nn_align2>(T1::Params)","1","13","(32, 1, 1)","(1, 1, 1)","0","12.1","Command line profiler metrics","gpu__time_duration.sum","ns","2400"
"33","1119824","mistralrs","127.0.0.1","void cutlass::Kernel2<cutlass_80_wmma_tensorop_bf16_s161616gemm_bf16_16x16_32x1_nn_align2>(T1::Params)","1","13","(32, 1, 1)","(1, 1, 1)","0","12.1","Command line profiler metrics","gpu__time_duration.sum","ns","2336"
"34","1119824","mistralrs","127.0.0.1","void cutlass::Kernel2<cutlass_80_wmma_tensorop_bf16_s161616gemm_bf16_16x16_32x1_nn_align2>(T1::Params)","1","13","(32, 1, 1)","(1, 1, 1)","0","12.1","Command line profiler metrics","gpu__time_duration.sum","ns","2368"
"35","1119824","mistralrs","127.0.0.1","void cutlass::Kernel2<cutlass_80_wmma_tensorop_bf16_s161616gemm_bf16_16x16_32x1_nn_align2>(T1::Params)","1","13","(32, 1, 1)","(1, 1, 1)","0","12.1","Command line profiler metrics","gpu__time_duration.sum","ns","2336"
"36","1119824","mistralrs","127.0.0.1","void cutlass::Kernel2<cutlass_80_wmma_tensorop_bf16_s161616gemm_bf16_16x16_32x1_nn_align2>(T1::Params)","1","13","(32, 1, 1)","(1, 1, 1)","0","12.1","Command line profiler metrics","gpu__time_duration.sum","ns","2368"
"37","1119824","mistralrs","127.0.0.1","void cutlass::Kernel2<cutlass_80_wmma_tensorop_bf16_s161616gemm_bf16_16x16_32x1_nn_align2>(T1::Params)","1","13","(32, 1, 1)","(1, 1, 1)","0","12.1","Command line profiler metrics","gpu__time_duration.sum","ns","2368"
"38","1119824","mistralrs","127.0.0.1","void cutlass::Kernel2<cutlass_80_wmma_tensorop_bf16_s161616gemm_bf16_16x16_32x1_nn_align2>(T1::Params)","1","13","(32, 1, 1)","(1, 1, 1)","0","12.1","Command line profiler metrics","gpu__time_duration.sum","ns","2560"
"39","1119824","mistralrs","127.0.0.1","void cutlass::Kernel2<cutlass_80_wmma_tensorop_bf16_s161616gemm_bf16_16x16_32x1_nn_align2>(T1::Params)","1","13","(32, 1, 1)","(1, 1, 1)","0","12.1","Command line profiler metrics","gpu__time_duration.sum","ns","4288"
"40","1119824","mistralrs","127.0.0.1","void cutlass::Kernel2<cutlass_80_wmma_tensorop_bf16_s161616gemm_bf16_16x16_32x1_nn_align2>(T1::Params)","1","13","(32, 1, 1)","(1, 1, 1)","0","12.1","Command line profiler metrics","gpu__time_duration.sum","ns","3200"
"41","1119824","mistralrs","127.0.0.1","void cutlass::Kernel2<cutlass_80_wmma_tensorop_bf16_s161616gemm_bf16_16x16_32x1_nn_align2>(T1::Params)","1","13","(32, 1, 1)","(1, 1, 1)","0","12.1","Command line profiler metrics","gpu__time_duration.sum","ns","2336"
"42","1119824","mistralrs","127.0.0.1","void cutlass::Kernel2<cutlass_80_wmma_tensorop_bf16_s161616gemm_bf16_16x16_32x1_nn_align2>(T1::Params)","1","13","(32, 1, 1)","(1, 1, 1)","0","12.1","Command line profiler metrics","gpu__time_duration.sum","ns","2336"
"43","1119824","mistralrs","127.0.0.1","cast_bf16_f32","1","13","(1024, 1, 1)","(1, 1, 1)","0","12.1","Command line profiler metrics","gpu__time_duration.sum","ns","3936"
"44","1119824","mistralrs","127.0.0.1","cast_bf16_f32","1","13","(1024, 1, 1)","(1, 1, 1)","0","12.1","Command line profiler metrics","gpu__time_duration.sum","ns","11040"
"45","1119824","mistralrs","127.0.0.1","cast_bf16_f32","1","13","(1024, 1, 1)","(1, 1, 1)","0","12.1","Command line profiler metrics","gpu__time_duration.sum","ns","1696"
"46","1119824","mistralrs","127.0.0.1","cast_bf16_f32","1","13","(1024, 1, 1)","(1, 1, 1)","0","12.1","Command line profiler metrics","gpu__time_duration.sum","ns","1696"
"47","1119824","mistralrs","127.0.0.1","cast_bf16_f32","1","13","(1024, 1, 1)","(1, 1, 1)","0","12.1","Command line profiler metrics","gpu__time_duration.sum","ns","12256"
"48","1119824","mistralrs","127.0.0.1","cast_bf16_f32","1","13","(1024, 1, 1)","(1, 1, 1)","0","12.1","Command line profiler metrics","gpu__time_duration.sum","ns","3136"
"49","1119824","mistralrs","127.0.0.1","cast_bf16_f32","1","13","(1024, 1, 1)","(1, 1, 1)","0","12.1","Command line profiler metrics","gpu__time_duration.sum","ns","1696"
"50","1119824","mistralrs","127.0.0.1","cast_bf16_f32","1","13","(1024, 1, 1)","(1, 1, 1)","0","12.1","Command line profiler metrics","gpu__time_duration.sum","ns","18208"
"51","1119824","mistralrs","127.0.0.1","cast_bf16_f32","1","13","(1024, 1, 1)","(1, 1, 1)","0","12.1","Command line profiler metrics","gpu__time_duration.sum","ns","2336"
"52","1119824","mistralrs","127.0.0.1","cast_bf16_f32","1","13","(1024, 1, 1)","(1, 1, 1)","0","12.1","Command line profiler metrics","gpu__time_duration.sum","ns","1696"
"53","1119824","mistralrs","127.0.0.1","cast_bf16_f32","1","13","(1024, 1, 1)","(1, 1, 1)","0","12.1","Command line profiler metrics","gpu__time_duration.sum","ns","1696"
"54","1119824","mistralrs","127.0.0.1","cast_bf16_f32","1","13","(1024, 1, 1)","(1, 1, 1)","0","12.1","Command line profiler metrics","gpu__time_duration.sum","ns","6496"
"55","1119824","mistralrs","127.0.0.1","cast_bf16_f32","1","13","(1024, 1, 1)","(1, 1, 1)","0","12.1","Command line profiler metrics","gpu__time_duration.sum","ns","1760"
"56","1119824","mistralrs","127.0.0.1","cast_bf16_f32","1","13","(1024, 1, 1)","(1, 1, 1)","0","12.1","Command line profiler metrics","gpu__time_duration.sum","ns","1664"
"57","1119824","mistralrs","127.0.0.1","cast_bf16_f32","1","13","(1024, 1, 1)","(1, 1, 1)","0","12.1","Command line profiler metrics","gpu__time_duration.sum","ns","6080"
"58","1119824","mistralrs","127.0.0.1","cast_bf16_f32","1","13","(1024, 1, 1)","(1, 1, 1)","0","12.1","Command line profiler metrics","gpu__time_duration.sum","ns","1664"
"59","1119824","mistralrs","127.0.0.1","cast_bf16_f32","1","13","(1024, 1, 1)","(1, 1, 1)","0","12.1","Command line profiler metrics","gpu__time_duration.sum","ns","1792"
"60","1119824","mistralrs","127.0.0.1","cast_bf16_f32","1","13","(1024, 1, 1)","(1, 1, 1)","0","12.1","Command line profiler metrics","gpu__time_duration.sum","ns","19808"
"61","1119824","mistralrs","127.0.0.1","cast_bf16_f32","1","13","(1024, 1, 1)","(1, 1, 1)","0","12.1","Command line profiler metrics","gpu__time_duration.sum","ns","3872"
"62","1119824","mistralrs","127.0.0.1","cast_bf16_f32","1","13","(1024, 1, 1)","(1, 1, 1)","0","12.1","Command line profiler metrics","gpu__time_duration.sum","ns","1664"
"63","1119824","mistralrs","127.0.0.1","cast_bf16_f32","1","13","(1024, 1, 1)","(1, 1, 1)","0","12.1","Command line profiler metrics","gpu__time_duration.sum","ns","1760"
"64","1119824","mistralrs","127.0.0.1","cast_bf16_f32","1","13","(1024, 1, 1)","(1, 1, 1)","0","12.1","Command line profiler metrics","gpu__time_duration.sum","ns","1664"
"65","1119824","mistralrs","127.0.0.1","cast_bf16_f32","1","13","(1024, 1, 1)","(1, 1, 1)","0","12.1","Command line profiler metrics","gpu__time_duration.sum","ns","1984"
"66","1119824","mistralrs","127.0.0.1","cast_bf16_f32","1","13","(1024, 1, 1)","(1, 1, 1)","0","12.1","Command line profiler metrics","gpu__time_duration.sum","ns","1984"
"67","1119824","mistralrs","127.0.0.1","cast_bf16_f32","1","13","(1024, 1, 1)","(1, 1, 1)","0","12.1","Command line profiler metrics","gpu__time_duration.sum","ns","1792"
"68","1119824","mistralrs","127.0.0.1","cast_bf16_f32","1","13","(1024, 1, 1)","(1, 1, 1)","0","12.1","Command line profiler metrics","gpu__time_duration.sum","ns","1696"
"69","1119824","mistralrs","127.0.0.1","cast_bf16_f32","1","13","(1024, 1, 1)","(1, 1, 1)","0","12.1","Command line profiler metrics","gpu__time_duration.sum","ns","1696"
"70","1119824","mistralrs","127.0.0.1","cast_bf16_f32","1","13","(1024, 1, 1)","(1, 1, 1)","0","12.1","Command line profiler metrics","gpu__time_duration.sum","ns","1888"
"71","1119824","mistralrs","127.0.0.1","cast_bf16_f32","1","13","(1024, 1, 1)","(1, 1, 1)","0","12.1","Command line profiler metrics","gpu__time_duration.sum","ns","1760"
"72","1119824","mistralrs","127.0.0.1","cast_bf16_f32","1","13","(1024, 1, 1)","(1, 1, 1)","0","12.1","Command line profiler metrics","gpu__time_duration.sum","ns","1664"
"73","1119824","mistralrs","127.0.0.1","cast_bf16_f32","1","13","(1024, 1, 1)","(1, 1, 1)","0","12.1","Command line profiler metrics","gpu__time_duration.sum","ns","1696"
"74","1119824","mistralrs","127.0.0.1","cast_bf16_f32","1","13","(1024, 1, 1)","(1, 1, 1)","0","12.1","Command line profiler metrics","gpu__time_duration.sum","ns","1664"
"75","1119824","mistralrs","127.0.0.1","cast_bf16_f32","1","13","(1024, 1, 1)","(1, 1, 1)","0","12.1","Command line profiler metrics","gpu__time_duration.sum","ns","1728"
"76","1119824","mistralrs","127.0.0.1","cast_bf16_f32","1","13","(1024, 1, 1)","(1, 1, 1)","0","12.1","Command line profiler metrics","gpu__time_duration.sum","ns","3328"
"77","1119824","mistralrs","127.0.0.1","cast_bf16_f32","1","13","(1024, 1, 1)","(1, 1, 1)","0","12.1","Command line profiler metrics","gpu__time_duration.sum","ns","1696"
"78","1119824","mistralrs","127.0.0.1","cast_bf16_f32","1","13","(1024, 1, 1)","(1, 1, 1)","0","12.1","Command line profiler metrics","gpu__time_duration.sum","ns","1728"
"79","1119824","mistralrs","127.0.0.1","cast_bf16_f32","1","13","(1024, 1, 1)","(1, 1, 1)","0","12.1","Command line profiler metrics","gpu__time_duration.sum","ns","1920"
"80","1119824","mistralrs","127.0.0.1","cast_bf16_f32","1","13","(1024, 1, 1)","(1, 1, 1)","0","12.1","Command line profiler metrics","gpu__time_duration.sum","ns","1696"
"81","1119824","mistralrs","127.0.0.1","cast_bf16_f32","1","13","(1024, 1, 1)","(1, 1, 1)","0","12.1","Command line profiler metrics","gpu__time_duration.sum","ns","1920"
"82","1119824","mistralrs","127.0.0.1","cast_bf16_f32","1","13","(1024, 1, 1)","(1, 1, 1)","0","12.1","Command line profiler metrics","gpu__time_duration.sum","ns","1728"
"83","1119824","mistralrs","127.0.0.1","cast_bf16_f32","1","13","(1024, 1, 1)","(1, 1, 1)","0","12.1","Command line profiler metrics","gpu__time_duration.sum","ns","1856"
"84","1119824","mistralrs","127.0.0.1","cast_bf16_f32","1","13","(1024, 1, 1)","(1, 1, 1)","0","12.1","Command line profiler metrics","gpu__time_duration.sum","ns","1856"
"85","1119824","mistralrs","127.0.0.1","cast_bf16_f32","1","13","(1024, 1, 1)","(1, 1, 1)","0","12.1","Command line profiler metrics","gpu__time_duration.sum","ns","1696"
"86","1119824","mistralrs","127.0.0.1","cast_bf16_f32","1","13","(1024, 1, 1)","(1, 1, 1)","0","12.1","Command line profiler metrics","gpu__time_duration.sum","ns","1856"
"87","1119824","mistralrs","127.0.0.1","cast_bf16_f32","1","13","(1024, 1, 1)","(1, 1, 1)","0","12.1","Command line profiler metrics","gpu__time_duration.sum","ns","1760"
"88","1119824","mistralrs","127.0.0.1","cast_bf16_f32","1","13","(1024, 1, 1)","(1, 1, 1)","0","12.1","Command line profiler metrics","gpu__time_duration.sum","ns","1760"
"89","1119824","mistralrs","127.0.0.1","cast_bf16_f32","1","13","(1024, 1, 1)","(1, 1, 1)","0","12.1","Command line profiler metrics","gpu__time_duration.sum","ns","1728"
"90","1119824","mistralrs","127.0.0.1","cast_bf16_f32","1","13","(1024, 1, 1)","(1, 1, 1)","0","12.1","Command line profiler metrics","gpu__time_duration.sum","ns","1952"
"91","1119824","mistralrs","127.0.0.1","cast_bf16_f32","1","13","(1024, 1, 1)","(1, 1, 1)","0","12.1","Command line profiler metrics","gpu__time_duration.sum","ns","1728"
"92","1119824","mistralrs","127.0.0.1","cast_bf16_f32","1","13","(1024, 1, 1)","(1, 1, 1)","0","12.1","Command line profiler metrics","gpu__time_duration.sum","ns","2144"
"93","1119824","mistralrs","127.0.0.1","cast_bf16_f32","1","13","(1024, 1, 1)","(1, 1, 1)","0","12.1","Command line profiler metrics","gpu__time_duration.sum","ns","1664"
"94","1119824","mistralrs","127.0.0.1","cast_bf16_f32","1","13","(1024, 1, 1)","(1, 1, 1)","0","12.1","Command line profiler metrics","gpu__time_duration.sum","ns","2048"
"95","1119824","mistralrs","127.0.0.1","cast_bf16_f32","1","13","(1024, 1, 1)","(1, 1, 1)","0","12.1","Command line profiler metrics","gpu__time_duration.sum","ns","17376"
"96","1119824","mistralrs","127.0.0.1","cast_bf16_f32","1","13","(1024, 1, 1)","(1, 1, 1)","0","12.1","Command line profiler metrics","gpu__time_duration.sum","ns","1728"
"97","1119824","mistralrs","127.0.0.1","cast_bf16_f32","1","13","(1024, 1, 1)","(1, 1, 1)","0","12.1","Command line profiler metrics","gpu__time_duration.sum","ns","1760"
"98","1119824","mistralrs","127.0.0.1","cast_bf16_f32","1","13","(1024, 1, 1)","(1, 1, 1)","0","12.1","Command line profiler metrics","gpu__time_duration.sum","ns","4224"
"99","1119824","mistralrs","127.0.0.1","cast_bf16_f32","1","13","(1024, 1, 1)","(1, 1, 1)","0","12.1","Command line profiler metrics","gpu__time_duration.sum","ns","1920"
"100","1119824","mistralrs","127.0.0.1","cast_bf16_f32","1","13","(1024, 1, 1)","(1, 1, 1)","0","12.1","Command line profiler metrics","gpu__time_duration.sum","ns","1728"
"101","1119824","mistralrs","127.0.0.1","cast_bf16_f32","1","13","(1024, 1, 1)","(1, 1, 1)","0","12.1","Command line profiler metrics","gpu__time_duration.sum","ns","1728"
"102","1119824","mistralrs","127.0.0.1","cast_bf16_f32","1","13","(1024, 1, 1)","(1, 1, 1)","0","12.1","Command line profiler metrics","gpu__time_duration.sum","ns","1728"
"103","1119824","mistralrs","127.0.0.1","cast_bf16_f32","1","13","(1024, 1, 1)","(1, 1, 1)","0","12.1","Command line profiler metrics","gpu__time_duration.sum","ns","1792"
"104","1119824","mistralrs","127.0.0.1","cast_bf16_f32","1","13","(1024, 1, 1)","(1, 1, 1)","0","12.1","Command line profiler metrics","gpu__time_duration.sum","ns","1728"
"105","1119824","mistralrs","127.0.0.1","cast_bf16_f32","1","13","(1024, 1, 1)","(1, 1, 1)","0","12.1","Command line profiler metrics","gpu__time_duration.sum","ns","2144"
"106","1119824","mistralrs","127.0.0.1","cast_bf16_f32","1","13","(1024, 1, 1)","(1, 1, 1)","0","12.1","Command line profiler metrics","gpu__time_duration.sum","ns","1728"
"107","1119824","mistralrs","127.0.0.1","cast_bf16_f32","1","13","(1024, 1, 1)","(1, 1, 1)","0","12.1","Command line profiler metrics","gpu__time_duration.sum","ns","1792"
"108","1119824","mistralrs","127.0.0.1","cast_bf16_f32","1","13","(1024, 1, 1)","(1, 1, 1)","0","12.1","Command line profiler metrics","gpu__time_duration.sum","ns","1952"
"109","1119824","mistralrs","127.0.0.1","cast_bf16_f32","1","13","(1024, 1, 1)","(1, 1, 1)","0","12.1","Command line profiler metrics","gpu__time_duration.sum","ns","1760"
"110","1119824","mistralrs","127.0.0.1","cast_bf16_f32","1","13","(1024, 1, 1)","(1, 1, 1)","0","12.1","Command line profiler metrics","gpu__time_duration.sum","ns","1760"
"111","1119824","mistralrs","127.0.0.1","cast_bf16_f32","1","13","(1024, 1, 1)","(1, 1, 1)","0","12.1","Command line profiler metrics","gpu__time_duration.sum","ns","2528"
"112","1119824","mistralrs","127.0.0.1","cast_bf16_f32","1","13","(1024, 1, 1)","(1, 1, 1)","0","12.1","Command line profiler metrics","gpu__time_duration.sum","ns","1824"
"113","1119824","mistralrs","127.0.0.1","cast_bf16_f32","1","13","(1024, 1, 1)","(1, 1, 1)","0","12.1","Command line profiler metrics","gpu__time_duration.sum","ns","1728"
"114","1119824","mistralrs","127.0.0.1","cast_bf16_f32","1","13","(1024, 1, 1)","(1, 1, 1)","0","12.1","Command line profiler metrics","gpu__time_duration.sum","ns","1760"
"115","1119824","mistralrs","127.0.0.1","cast_bf16_f32","1","13","(1024, 1, 1)","(1, 1, 1)","0","12.1","Command line profiler metrics","gpu__time_duration.sum","ns","1792"
"116","1119824","mistralrs","127.0.0.1","cast_bf16_f32","1","13","(1024, 1, 1)","(1, 1, 1)","0","12.1","Command line profiler metrics","gpu__time_duration.sum","ns","1792"
"117","1119824","mistralrs","127.0.0.1","cast_bf16_f32","1","13","(1024, 1, 1)","(1, 1, 1)","0","12.1","Command line profiler metrics","gpu__time_duration.sum","ns","1824"
"118","1119824","mistralrs","127.0.0.1","cast_bf16_f32","1","13","(1024, 1, 1)","(1, 1, 1)","0","12.1","Command line profiler metrics","gpu__time_duration.sum","ns","1792"
"119","1119824","mistralrs","127.0.0.1","cast_bf16_f32","1","13","(1024, 1, 1)","(1, 1, 1)","0","12.1","Command line profiler metrics","gpu__time_duration.sum","ns","2400"
"120","1119824","mistralrs","127.0.0.1","cast_bf16_f32","1","13","(1024, 1, 1)","(1, 1, 1)","0","12.1","Command line profiler metrics","gpu__time_duration.sum","ns","14880"
"121","1119824","mistralrs","127.0.0.1","cast_bf16_f32","1","13","(1024, 1, 1)","(1, 1, 1)","0","12.1","Command line profiler metrics","gpu__time_duration.sum","ns","5120"
"122","1119824","mistralrs","127.0.0.1","cast_bf16_f32","1","13","(1024, 1, 1)","(1, 1, 1)","0","12.1","Command line profiler metrics","gpu__time_duration.sum","ns","1760"
"123","1119824","mistralrs","127.0.0.1","cast_bf16_f32","1","13","(1024, 1, 1)","(1, 1, 1)","0","12.1","Command line profiler metrics","gpu__time_duration.sum","ns","1824"
"124","1119824","mistralrs","127.0.0.1","cast_bf16_f32","1","13","(1024, 1, 1)","(1, 1, 1)","0","12.1","Command line profiler metrics","gpu__time_duration.sum","ns","1696"
"125","1119824","mistralrs","127.0.0.1","cast_bf16_f32","1","13","(1024, 1, 1)","(1, 1, 1)","0","12.1","Command line profiler metrics","gpu__time_duration.sum","ns","1728"
"126","1119824","mistralrs","127.0.0.1","cast_bf16_f32","1","13","(1024, 1, 1)","(1, 1, 1)","0","12.1","Command line profiler metrics","gpu__time_duration.sum","ns","1728"
"127","1119824","mistralrs","127.0.0.1","cast_bf16_f32","1","13","(1024, 1, 1)","(1, 1, 1)","0","12.1","Command line profiler metrics","gpu__time_duration.sum","ns","1792"
"128","1119824","mistralrs","127.0.0.1","cast_bf16_f32","1","13","(1024, 1, 1)","(1, 1, 1)","0","12.1","Command line profiler metrics","gpu__time_duration.sum","ns","1824"
"129","1119824","mistralrs","127.0.0.1","cast_bf16_f32","1","13","(1024, 1, 1)","(1, 1, 1)","0","12.1","Command line profiler metrics","gpu__time_duration.sum","ns","1728"
"130","1119824","mistralrs","127.0.0.1","cast_bf16_f32","1","13","(1024, 1, 1)","(1, 1, 1)","0","12.1","Command line profiler metrics","gpu__time_duration.sum","ns","1728"
"131","1119824","mistralrs","127.0.0.1","cast_bf16_f32","1","13","(1024, 1, 1)","(1, 1, 1)","0","12.1","Command line profiler metrics","gpu__time_duration.sum","ns","1792"
"132","1119824","mistralrs","127.0.0.1","cast_bf16_f32","1","13","(1024, 1, 1)","(1, 1, 1)","0","12.1","Command line profiler metrics","gpu__time_duration.sum","ns","2368"
"133","1119824","mistralrs","127.0.0.1","cast_bf16_f32","1","13","(1024, 1, 1)","(1, 1, 1)","0","12.1","Command line profiler metrics","gpu__time_duration.sum","ns","2016"
"134","1119824","mistralrs","127.0.0.1","cast_bf16_f32","1","13","(1024, 1, 1)","(1, 1, 1)","0","12.1","Command line profiler metrics","gpu__time_duration.sum","ns","1920"
"135","1119824","mistralrs","127.0.0.1","cast_bf16_f32","1","13","(1024, 1, 1)","(1, 1, 1)","0","12.1","Command line profiler metrics","gpu__time_duration.sum","ns","1792"
"136","1119824","mistralrs","127.0.0.1","cast_bf16_f32","1","13","(1024, 1, 1)","(1, 1, 1)","0","12.1","Command line profiler metrics","gpu__time_duration.sum","ns","1728"
"137","1119824","mistralrs","127.0.0.1","cast_bf16_f32","1","13","(1024, 1, 1)","(1, 1, 1)","0","12.1","Command line profiler metrics","gpu__time_duration.sum","ns","1696"
"138","1119824","mistralrs","127.0.0.1","cast_bf16_f32","1","13","(1024, 1, 1)","(1, 1, 1)","0","12.1","Command line profiler metrics","gpu__time_duration.sum","ns","1728"
"139","1119824","mistralrs","127.0.0.1","cast_bf16_f32","1","13","(1024, 1, 1)","(1, 1, 1)","0","12.1","Command line profiler metrics","gpu__time_duration.sum","ns","1792"
"140","1119824","mistralrs","127.0.0.1","cast_bf16_f32","1","13","(1024, 1, 1)","(1, 1, 1)","0","12.1","Command line profiler metrics","gpu__time_duration.sum","ns","1728"
"141","1119824","mistralrs","127.0.0.1","cast_bf16_f32","1","13","(1024, 1, 1)","(1, 1, 1)","0","12.1","Command line profiler metrics","gpu__time_duration.sum","ns","1728"
"142","1119824","mistralrs","127.0.0.1","cast_bf16_f32","1","13","(1024, 1, 1)","(1, 1, 1)","0","12.1","Command line profiler metrics","gpu__time_duration.sum","ns","4960"
"143","1119824","mistralrs","127.0.0.1","cast_bf16_f32","1","13","(1024, 1, 1)","(1, 1, 1)","0","12.1","Command line profiler metrics","gpu__time_duration.sum","ns","1792"
"144","1119824","mistralrs","127.0.0.1","cast_bf16_f32","1","13","(1024, 1, 1)","(1, 1, 1)","0","12.1","Command line profiler metrics","gpu__time_duration.sum","ns","1760"
"145","1119824","mistralrs","127.0.0.1","cast_bf16_f32","1","13","(1024, 1, 1)","(1, 1, 1)","0","12.1","Command line profiler metrics","gpu__time_duration.sum","ns","1728"
"146","1119824","mistralrs","127.0.0.1","cast_bf16_f32","1","13","(1024, 1, 1)","(1, 1, 1)","0","12.1","Command line profiler metrics","gpu__time_duration.sum","ns","1760"
"147","1119824","mistralrs","127.0.0.1","cast_bf16_f32","1","13","(1024, 1, 1)","(1, 1, 1)","0","12.1","Command line profiler metrics","gpu__time_duration.sum","ns","13408"
"148","1119824","mistralrs","127.0.0.1","cast_bf16_f32","1","13","(1024, 1, 1)","(1, 1, 1)","0","12.1","Command line profiler metrics","gpu__time_duration.sum","ns","1728"
"149","1119824","mistralrs","127.0.0.1","cast_bf16_f32","1","13","(1024, 1, 1)","(1, 1, 1)","0","12.1","Command line profiler metrics","gpu__time_duration.sum","ns","5504"
"150","1119824","mistralrs","127.0.0.1","cast_bf16_f32","1","13","(1024, 1, 1)","(1, 1, 1)","0","12.1","Command line profiler metrics","gpu__time_duration.sum","ns","1728"
"151","1119824","mistralrs","127.0.0.1","cast_bf16_f32","1","13","(1024, 1, 1)","(1, 1, 1)","0","12.1","Command line profiler metrics","gpu__time_duration.sum","ns","1824"
"152","1119824","mistralrs","127.0.0.1","cast_bf16_f32","1","13","(1024, 1, 1)","(1, 1, 1)","0","12.1","Command line profiler metrics","gpu__time_duration.sum","ns","1728"
"153","1119824","mistralrs","127.0.0.1","cast_bf16_f32","1","13","(1024, 1, 1)","(1, 1, 1)","0","12.1","Command line profiler metrics","gpu__time_duration.sum","ns","1888"
"154","1119824","mistralrs","127.0.0.1","cast_bf16_f32","1","13","(1024, 1, 1)","(1, 1, 1)","0","12.1","Command line profiler metrics","gpu__time_duration.sum","ns","1728"
"155","1119824","mistralrs","127.0.0.1","cast_bf16_f32","1","13","(1024, 1, 1)","(1, 1, 1)","0","12.1","Command line profiler metrics","gpu__time_duration.sum","ns","1824"
"156","1119824","mistralrs","127.0.0.1","cast_bf16_f32","1","13","(1024, 1, 1)","(1, 1, 1)","0","12.1","Command line profiler metrics","gpu__time_duration.sum","ns","1728"
"157","1119824","mistralrs","127.0.0.1","cast_bf16_f32","1","13","(1024, 1, 1)","(1, 1, 1)","0","12.1","Command line profiler metrics","gpu__time_duration.sum","ns","1760"
"158","1119824","mistralrs","127.0.0.1","cast_bf16_f32","1","13","(1024, 1, 1)","(1, 1, 1)","0","12.1","Command line profiler metrics","gpu__time_duration.sum","ns","1760"
"159","1119824","mistralrs","127.0.0.1","cast_bf16_f32","1","13","(1024, 1, 1)","(1, 1, 1)","0","12.1","Command line profiler metrics","gpu__time_duration.sum","ns","2336"
"160","1119824","mistralrs","127.0.0.1","cast_bf16_f32","1","13","(1024, 1, 1)","(1, 1, 1)","0","12.1","Command line profiler metrics","gpu__time_duration.sum","ns","5312"
"161","1119824","mistralrs","127.0.0.1","cast_bf16_f32","1","13","(1024, 1, 1)","(1, 1, 1)","0","12.1","Command line profiler metrics","gpu__time_duration.sum","ns","1696"
"162","1119824","mistralrs","127.0.0.1","cast_bf16_f32","1","13","(1024, 1, 1)","(1, 1, 1)","0","12.1","Command line profiler metrics","gpu__time_duration.sum","ns","1728"
"163","1119824","mistralrs","127.0.0.1","cast_bf16_f32","1","13","(1024, 1, 1)","(1, 1, 1)","0","12.1","Command line profiler metrics","gpu__time_duration.sum","ns","1792"
"164","1119824","mistralrs","127.0.0.1","cast_bf16_f32","1","13","(1024, 1, 1)","(1, 1, 1)","0","12.1","Command line profiler metrics","gpu__time_duration.sum","ns","1760"
"165","1119824","mistralrs","127.0.0.1","cast_bf16_f32","1","13","(1024, 1, 1)","(1, 1, 1)","0","12.1","Command line profiler metrics","gpu__time_duration.sum","ns","1728"
"166","1119824","mistralrs","127.0.0.1","cast_bf16_f32","1","13","(1024, 1, 1)","(1, 1, 1)","0","12.1","Command line profiler metrics","gpu__time_duration.sum","ns","1856"
"167","1119824","mistralrs","127.0.0.1","cast_bf16_f32","1","13","(1024, 1, 1)","(1, 1, 1)","0","12.1","Command line profiler metrics","gpu__time_duration.sum","ns","1792"
"168","1119824","mistralrs","127.0.0.1","cast_bf16_f32","1","13","(1024, 1, 1)","(1, 1, 1)","0","12.1","Command line profiler metrics","gpu__time_duration.sum","ns","1760"
"169","1119824","mistralrs","127.0.0.1","cast_bf16_f32","1","13","(1024, 1, 1)","(1, 1, 1)","0","12.1","Command line profiler metrics","gpu__time_duration.sum","ns","1696"
"170","1119824","mistralrs","127.0.0.1","cast_bf16_f32","1","13","(1024, 1, 1)","(1, 1, 1)","0","12.1","Command line profiler metrics","gpu__time_duration.sum","ns","1760"
"171","1119824","mistralrs","127.0.0.1","cast_bf16_f32","1","13","(1024, 1, 1)","(1, 1, 1)","0","12.1","Command line profiler metrics","gpu__time_duration.sum","ns","1856"
"172","1119824","mistralrs","127.0.0.1","cast_bf16_f32","1","13","(1024, 1, 1)","(1, 1, 1)","0","12.1","Command line profiler metrics","gpu__time_duration.sum","ns","1760"
"173","1119824","mistralrs","127.0.0.1","cast_bf16_f32","1","13","(1024, 1, 1)","(1, 1, 1)","0","12.1","Command line profiler metrics","gpu__time_duration.sum","ns","1760"
"174","1119824","mistralrs","127.0.0.1","cast_bf16_f32","1","13","(1024, 1, 1)","(1, 1, 1)","0","12.1","Command line profiler metrics","gpu__time_duration.sum","ns","1760"
"175","1119824","mistralrs","127.0.0.1","cast_bf16_f32","1","13","(1024, 1, 1)","(1, 1, 1)","0","12.1","Command line profiler metrics","gpu__time_duration.sum","ns","1856"
"176","1119824","mistralrs","127.0.0.1","cast_bf16_f32","1","13","(1024, 1, 1)","(1, 1, 1)","0","12.1","Command line profiler metrics","gpu__time_duration.sum","ns","2048"
"177","1119824","mistralrs","127.0.0.1","cast_bf16_f32","1","13","(1024, 1, 1)","(1, 1, 1)","0","12.1","Command line profiler metrics","gpu__time_duration.sum","ns","1728"
"178","1119824","mistralrs","127.0.0.1","cast_bf16_f32","1","13","(1024, 1, 1)","(1, 1, 1)","0","12.1","Command line profiler metrics","gpu__time_duration.sum","ns","1760"
"179","1119824","mistralrs","127.0.0.1","cast_bf16_f32","1","13","(1024, 1, 1)","(1, 1, 1)","0","12.1","Command line profiler metrics","gpu__time_duration.sum","ns","1824"
"180","1119824","mistralrs","127.0.0.1","cast_bf16_f32","1","13","(1024, 1, 1)","(1, 1, 1)","0","12.1","Command line profiler metrics","gpu__time_duration.sum","ns","1728"
"181","1119824","mistralrs","127.0.0.1","cast_bf16_f32","1","13","(1024, 1, 1)","(1, 1, 1)","0","12.1","Command line profiler metrics","gpu__time_duration.sum","ns","1696"
"182","1119824","mistralrs","127.0.0.1","cast_bf16_f32","1","13","(1024, 1, 1)","(1, 1, 1)","0","12.1","Command line profiler metrics","gpu__time_duration.sum","ns","15264"
"183","1119824","mistralrs","127.0.0.1","cast_bf16_f32","1","13","(1024, 1, 1)","(1, 1, 1)","0","12.1","Command line profiler metrics","gpu__time_duration.sum","ns","4160"
"184","1119824","mistralrs","127.0.0.1","cast_bf16_f32","1","13","(1024, 1, 1)","(1, 1, 1)","0","12.1","Command line profiler metrics","gpu__time_duration.sum","ns","15936"
"185","1119824","mistralrs","127.0.0.1","cast_bf16_f32","1","13","(1024, 1, 1)","(1, 1, 1)","0","12.1","Command line profiler metrics","gpu__time_duration.sum","ns","16000"
"186","1119824","mistralrs","127.0.0.1","cast_bf16_f32","1","13","(1024, 1, 1)","(1, 1, 1)","0","12.1","Command line profiler metrics","gpu__time_duration.sum","ns","3776"
"187","1119824","mistralrs","127.0.0.1","cast_bf16_f32","1","13","(1024, 1, 1)","(1, 1, 1)","0","12.1","Command line profiler metrics","gpu__time_duration.sum","ns","1760"
"188","1119824","mistralrs","127.0.0.1","cast_bf16_f32","1","13","(1024, 1, 1)","(1, 1, 1)","0","12.1","Command line profiler metrics","gpu__time_duration.sum","ns","2496"
"189","1119824","mistralrs","127.0.0.1","cast_bf16_f32","1","13","(1024, 1, 1)","(1, 1, 1)","0","12.1","Command line profiler metrics","gpu__time_duration.sum","ns","1728"
"190","1119824","mistralrs","127.0.0.1","cast_bf16_f32","1","13","(1024, 1, 1)","(1, 1, 1)","0","12.1","Command line profiler metrics","gpu__time_duration.sum","ns","1760"
"191","1119824","mistralrs","127.0.0.1","cast_bf16_f32","1","13","(1024, 1, 1)","(1, 1, 1)","0","12.1","Command line profiler metrics","gpu__time_duration.sum","ns","1824"
"192","1119824","mistralrs","127.0.0.1","cast_bf16_f32","1","13","(1024, 1, 1)","(1, 1, 1)","0","12.1","Command line profiler metrics","gpu__time_duration.sum","ns","1920"
"193","1119824","mistralrs","127.0.0.1","cast_bf16_f32","1","13","(1024, 1, 1)","(1, 1, 1)","0","12.1","Command line profiler metrics","gpu__time_duration.sum","ns","1728"
"194","1119824","mistralrs","127.0.0.1","cast_bf16_f32","1","13","(1024, 1, 1)","(1, 1, 1)","0","12.1","Command line profiler metrics","gpu__time_duration.sum","ns","1888"
"195","1119824","mistralrs","127.0.0.1","cast_bf16_f32","1","13","(1024, 1, 1)","(1, 1, 1)","0","12.1","Command line profiler metrics","gpu__time_duration.sum","ns","1792"
"196","1119824","mistralrs","127.0.0.1","cast_bf16_f32","1","13","(1024, 1, 1)","(1, 1, 1)","0","12.1","Command line profiler metrics","gpu__time_duration.sum","ns","1920"
"197","1119824","mistralrs","127.0.0.1","cast_bf16_f32","1","13","(1024, 1, 1)","(1, 1, 1)","0","12.1","Command line profiler metrics","gpu__time_duration.sum","ns","1792"
"198","1119824","mistralrs","127.0.0.1","cast_bf16_f32","1","13","(1024, 1, 1)","(1, 1, 1)","0","12.1","Command line profiler metrics","gpu__time_duration.sum","ns","1728"
"199","1119824","mistralrs","127.0.0.1","cast_bf16_f32","1","13","(1024, 1, 1)","(1, 1, 1)","0","12.1","Command line profiler metrics","gpu__time_duration.sum","ns","3680"
"200","1119824","mistralrs","127.0.0.1","cast_bf16_f32","1","13","(1024, 1, 1)","(1, 1, 1)","0","12.1","Command line profiler metrics","gpu__time_duration.sum","ns","1760"
"201","1119824","mistralrs","127.0.0.1","cast_bf16_f32","1","13","(1024, 1, 1)","(1, 1, 1)","0","12.1","Command line profiler metrics","gpu__time_duration.sum","ns","1728"
"202","1119824","mistralrs","127.0.0.1","cast_bf16_f32","1","13","(1024, 1, 1)","(1, 1, 1)","0","12.1","Command line profiler metrics","gpu__time_duration.sum","ns","2144"
"203","1119824","mistralrs","127.0.0.1","cast_bf16_f32","1","13","(1024, 1, 1)","(1, 1, 1)","0","12.1","Command line profiler metrics","gpu__time_duration.sum","ns","1760"
"204","1119824","mistralrs","127.0.0.1","cast_bf16_f32","1","13","(1024, 1, 1)","(1, 1, 1)","0","12.1","Command line profiler metrics","gpu__time_duration.sum","ns","1888"
"205","1119824","mistralrs","127.0.0.1","cast_bf16_f32","1","13","(1024, 1, 1)","(1, 1, 1)","0","12.1","Command line profiler metrics","gpu__time_duration.sum","ns","1728"
"206","1119824","mistralrs","127.0.0.1","cast_bf16_f32","1","13","(1024, 1, 1)","(1, 1, 1)","0","12.1","Command line profiler metrics","gpu__time_duration.sum","ns","1760"
"207","1119824","mistralrs","127.0.0.1","cast_bf16_f32","1","13","(1024, 1, 1)","(1, 1, 1)","0","12.1","Command line profiler metrics","gpu__time_duration.sum","ns","1792"
"208","1119824","mistralrs","127.0.0.1","cast_bf16_f32","1","13","(1024, 1, 1)","(1, 1, 1)","0","12.1","Command line profiler metrics","gpu__time_duration.sum","ns","1760"
"209","1119824","mistralrs","127.0.0.1","cast_bf16_f32","1","13","(1024, 1, 1)","(1, 1, 1)","0","12.1","Command line profiler metrics","gpu__time_duration.sum","ns","1728"
"210","1119824","mistralrs","127.0.0.1","cast_bf16_f32","1","13","(1024, 1, 1)","(1, 1, 1)","0","12.1","Command line profiler metrics","gpu__time_duration.sum","ns","3104"
"211","1119824","mistralrs","127.0.0.1","cast_bf16_f32","1","13","(1024, 1, 1)","(1, 1, 1)","0","12.1","Command line profiler metrics","gpu__time_duration.sum","ns","1824"
"212","1119824","mistralrs","127.0.0.1","cast_bf16_f32","1","13","(1024, 1, 1)","(1, 1, 1)","0","12.1","Command line profiler metrics","gpu__time_duration.sum","ns","1792"
"213","1119824","mistralrs","127.0.0.1","cast_bf16_f32","1","13","(1024, 1, 1)","(1, 1, 1)","0","12.1","Command line profiler metrics","gpu__time_duration.sum","ns","1760"
"214","1119824","mistralrs","127.0.0.1","cast_bf16_f32","1","13","(1024, 1, 1)","(1, 1, 1)","0","12.1","Command line profiler metrics","gpu__time_duration.sum","ns","1760"
"215","1119824","mistralrs","127.0.0.1","cast_bf16_f32","1","13","(1024, 1, 1)","(1, 1, 1)","0","12.1","Command line profiler metrics","gpu__time_duration.sum","ns","1824"
"216","1119824","mistralrs","127.0.0.1","cast_bf16_f32","1","13","(1024, 1, 1)","(1, 1, 1)","0","12.1","Command line profiler metrics","gpu__time_duration.sum","ns","1856"
"217","1119824","mistralrs","127.0.0.1","cast_bf16_f32","1","13","(1024, 1, 1)","(1, 1, 1)","0","12.1","Command line profiler metrics","gpu__time_duration.sum","ns","1728"
"218","1119824","mistralrs","127.0.0.1","cast_bf16_f32","1","13","(1024, 1, 1)","(1, 1, 1)","0","12.1","Command line profiler metrics","gpu__time_duration.sum","ns","1760"
"219","1119824","mistralrs","127.0.0.1","cast_bf16_f32","1","13","(1024, 1, 1)","(1, 1, 1)","0","12.1","Command line profiler metrics","gpu__time_duration.sum","ns","1792"
"220","1119824","mistralrs","127.0.0.1","cast_bf16_f32","1","13","(1024, 1, 1)","(1, 1, 1)","0","12.1","Command line profiler metrics","gpu__time_duration.sum","ns","1728"
"221","1119824","mistralrs","127.0.0.1","cast_bf16_f32","1","13","(1024, 1, 1)","(1, 1, 1)","0","12.1","Command line profiler metrics","gpu__time_duration.sum","ns","1760"
"222","1119824","mistralrs","127.0.0.1","cast_bf16_f32","1","13","(1024, 1, 1)","(1, 1, 1)","0","12.1","Command line profiler metrics","gpu__time_duration.sum","ns","1856"
"223","1119824","mistralrs","127.0.0.1","cast_bf16_f32","1","13","(1024, 1, 1)","(1, 1, 1)","0","12.1","Command line profiler metrics","gpu__time_duration.sum","ns","2400"
"224","1119824","mistralrs","127.0.0.1","cast_bf16_f32","1","13","(1024, 1, 1)","(1, 1, 1)","0","12.1","Command line profiler metrics","gpu__time_duration.sum","ns","1760"
"225","1119824","mistralrs","127.0.0.1","cast_bf16_f32","1","13","(1024, 1, 1)","(1, 1, 1)","0","12.1","Command line profiler metrics","gpu__time_duration.sum","ns","1728"
"226","1119824","mistralrs","127.0.0.1","cast_bf16_f32","1","13","(1024, 1, 1)","(1, 1, 1)","0","12.1","Command line profiler metrics","gpu__time_duration.sum","ns","1760"
"227","1119824","mistralrs","127.0.0.1","cast_bf16_f32","1","13","(1024, 1, 1)","(1, 1, 1)","0","12.1","Command line profiler metrics","gpu__time_duration.sum","ns","1792"
"228","1119824","mistralrs","127.0.0.1","cast_bf16_f32","1","13","(1024, 1, 1)","(1, 1, 1)","0","12.1","Command line profiler metrics","gpu__time_duration.sum","ns","1760"
"229","1119824","mistralrs","127.0.0.1","cast_bf16_f32","1","13","(1024, 1, 1)","(1, 1, 1)","0","12.1","Command line profiler metrics","gpu__time_duration.sum","ns","1728"
"230","1119824","mistralrs","127.0.0.1","cast_bf16_f32","1","13","(1024, 1, 1)","(1, 1, 1)","0","12.1","Command line profiler metrics","gpu__time_duration.sum","ns","1760"
"231","1119824","mistralrs","127.0.0.1","cast_bf16_f32","1","13","(1024, 1, 1)","(1, 1, 1)","0","12.1","Command line profiler metrics","gpu__time_duration.sum","ns","1792"
"232","1119824","mistralrs","127.0.0.1","cast_bf16_f32","1","13","(1024, 1, 1)","(1, 1, 1)","0","12.1","Command line profiler metrics","gpu__time_duration.sum","ns","1728"
"233","1119824","mistralrs","127.0.0.1","cast_bf16_f32","1","13","(1024, 1, 1)","(1, 1, 1)","0","12.1","Command line profiler metrics","gpu__time_duration.sum","ns","1696"
"234","1119824","mistralrs","127.0.0.1","cast_bf16_f32","1","13","(1024, 1, 1)","(1, 1, 1)","0","12.1","Command line profiler metrics","gpu__time_duration.sum","ns","1696"
"235","1119824","mistralrs","127.0.0.1","cast_bf16_f32","1","13","(1024, 1, 1)","(1, 1, 1)","0","12.1","Command line profiler metrics","gpu__time_duration.sum","ns","1792"
"236","1119824","mistralrs","127.0.0.1","cast_bf16_f32","1","13","(1024, 1, 1)","(1, 1, 1)","0","12.1","Command line profiler metrics","gpu__time_duration.sum","ns","1728"
"237","1119824","mistralrs","127.0.0.1","cast_bf16_f32","1","13","(1024, 1, 1)","(1, 1, 1)","0","12.1","Command line profiler metrics","gpu__time_duration.sum","ns","1728"
"238","1119824","mistralrs","127.0.0.1","cast_bf16_f32","1","13","(1024, 1, 1)","(1, 1, 1)","0","12.1","Command line profiler metrics","gpu__time_duration.sum","ns","1952"
"239","1119824","mistralrs","127.0.0.1","cast_bf16_f32","1","13","(1024, 1, 1)","(1, 1, 1)","0","12.1","Command line profiler metrics","gpu__time_duration.sum","ns","1824"
